10003
10010
10035
10059
10059
10062
10071
10074
10077
10085
10100
10101
10108
10112
10114
10131
10133
10155
10184
10199
10206
10251
10252
10260
10264
10282
10284
10303
10340
10414
10481
10516
10533
10598
10598
10609
10618
10626
10630
10659
10663
10685
10694
10700
10723
10776
10794
10800
10831
10832
10833
10835
10856
10856
10857
10857
10918
10921
10930
10936
10939
10941
10944
10944
10963
10969
11011
11016
11074
11099
11146
11148
11163
11168
11176
11177
11198
11200
11203
11229
11245
11283
11290
11303
11310
11340
11390
11439
11443
11447
11453
11482
11517
11528
11529
11607
11622
11631
11635
11671
11692
11694
11697
11702
11711
11734
11777
11790
11805
11820
11864
11887
11901
11919
11936
11985
12004
12015
12015
12081
12109
12129
12136
12140
12144
12145
12169
12195
12217
12226
12229
12232
12270
12284
12295
12321
12340
12354
12389
12413
12428
12433
12434
12438
12457
12461
12468
12475
12502
12511
12515
12519
12532
12548
12549
12571
12656
12658
12701
12704
12719
12719
12773
12789
12805
12819
12848
12854
12854
12867
12953
12958
12968
12972
12997
13005
13037
13039
13049
13093
13105
13109
13166
13182
13194
13201
13203
13204
13209
13219
13235
13272
13288
13333
13382
13392
13439
13440
13451
13471
13494
13519
13532
13551
13557
13558
13562
13595
13597
13623
13655
13661
13674
13702
13739
13750
13758
13800
13856
13928
13929
13949
13961
13973
14016
14025
14037
14038
14055
14057
14061
14065
14092
14100
14103
14137
14140
14140
14143
14148
14164
14190
14214
14220
14242
14252
14267
14314
14317
14319
14386
14420
14438
14497
14560
14566
14589
14600
14635
14657
14674
14682
14743
14764
14812
14833
14851
14860
14879
14881
14883
14886
14889
14895
14903
14935
14958
14969
15013
15026
15048
15054
15056
15070
15078
15097
15105
15113
15121
15133
15145
15148
15196
15203
15211
15215
15234
15246
15259
15265
15268
15277
15329
15351
15363
15371
15381
15434
15448
15466
15474
15483
15543
15543
15543
15579
15605
15631
15649
15697
15698
15794
15802
15818
15851
15862
15890
15901
15906
15907
15961
15972
15991
16005
16030
16043
16052
16078
16087
16098
16101
16122
16127
16136
16145
16181
16206
16239
16248
16261
16261
16310
16311
16313
16335
16380
16420
16424
16481
16484
16487
16488
16506
16517
16519
16581
16586
16594
16612
16631
16659
16666
16676
16704
16710
16711
16713
16727
16734
16753
16765
16766
16785
16824
16905
16913
16939
16943
16954
16965
16967
16973
16987
16992
16995
17003
17019
17025
17025
17026
17060
17091
17097
17098
17115
17133
17141
17201
17221
17224
17237
17244
17248
17258
17263
17268
17277
17289
17310
17329
17362
17456
17464
17476
17477
17479
17479
17483
17487
17515
17533
17561
17566
17582
17603
17625
17635
17649
17715
17715
17742
17747
17779
17787
17793
17797
17821
17823
17836
17872
17876
17876
17877
17883
17886
17890
17894
17912
17915
17927
17938
17946
17962
18037
18051
18059
18082
18127
18146
18169
18209
18211
18221
18253
18285
18287
18373
18392
18392
18405
18416
18447
18454
18468
18470
18512
18516
18541
18558
18559
18565
18591
18670
18719
18771
18776
18788
18792
18809
18813
18879
18883
18889
18904
18912
18918
18928
18929
18946
18953
18958
18971
19011
19014
19022
19068
19076
19085
19107
19169
19171
