10018
10038
10073
10103
10126
10137
10154
10217
10233
10271
10295
10303
10336
10354
10409
10414
10420
10450
10471
10486
10537
10555
10589
10696
10729
10738
10759
10762
10801
10837
11001
11034
11065
11074
11113
11144
11160
11231
11351
11415
11478
11525
11533
11548
11560
11563
11702
11753
11799
11876
12007
12008
12074
12079
12080
12097
12100
12137
12226
12292
12321
12395
12438
12480
12644
12680
12729
12740
12761
12801
12838
12851
12929
12952
12991
13016
13026
13152
13170
13230
13338
13394
13410
13413
13444
13457
13601
13685
13714
13759
13786
13794
13813
13908
13920
13962
14098
14167
14194
14204
14219
14277
14294
14358
14385
14409
14427
14494
14525
14782
14785
14808
14868
14877
14918
15040
15107
15187
15253
15267
15439
15462
15466
15556
15629
15716
15785
15875
15987
16006
16132
16168
16235
16262
16325
16431
16540
16567
16592
16592
16775
16884
16951
16952
17089
17128
17176
17206
17369
17374
17511
17607
17727
17727
17789
17844
17885
17908
17941
17941
17942
17960
18016
18167
18198
18389
18523
18585
18596
18671
18739
18782
18801
18814
18818
18837
18856
19003
19007
19200
19309
19343
19433
19447
19466
19475
19539
19560
19599
19670
19678
19755
19910
19962
19999
20040
20089
20110
20122
20165
20208
20225
20323
20347
20401
20420
20557
20587
20589
20590
20633
20692
20698
20738
20749
20808
20843
20852
20862
20976
21024
21034
21160
21162
21220
21309
21318
21379
21408
21452
21463
21524
21553
21966
21971
22050
22055
22089
22174
22243
22278
22280
22334
22476
22521
22562
22572
22587
22762
22802
22823
22845
22845
22897
23037
23231
23244
23286
23335
23387
23416
23434
23640
23691
23720
23751
23771
23796
23894
23903
23913
24062
24082
24140
24146
24171
24285
24317
24319
24364
24417
24458
24511
24545
24564
24667
24724
25037
25068
25091
25126
25220
25309
25317
25363
25375
25404
25422
25428
25465
25554
25570
25570
25580
25585
25688
25720
25762
25871
25878
25879
25881
25882
25884
25889
26029
26050
26152
26215
26220
26243
26376
26525
26582
26848
26916
27011
27033
27034
27116
27153
27186
27291
