10017
10030
10263
10286
10327
10359
10417
10474
10478
10485
10487
10510
10576
10610
10697
10788
10837
10848
10897
10919
10992
10998
11013
11164
11294
11321
11329
11347
11351
11377
11429
11542
11660
11715
11735
11809
11809
11896
11925
12004
12140
12152
12178
12449
12520
12571
12675
12692
12695
12730
12783
12892
12992
13014
13121
13203
13245
13245
13250
13359
13525
13543
13569
13578
13827
13837
13978
13988
14046
14177
14233
14343
14364
14390
14445
14523
14532
14616
14689
14697
14756
14763
14788
14814
14849
14986
15004
15122
15242
15252
15334
15442
15529
15556
15751
15971
16070
16097
16104
16163
16167
16322
16413
16445
16446
16627
16714
16776
16911
17179
17317
17337
17362
17368
17390
17451
17455
17459
17495
17570
17682
17844
17877
17935
18037
18366
18409
18544
18581
18584
18625
18660
18735
18864
18880
18880
19144
19341
19359
19376
19434
19446
19471
19581
19647
19672
19862
19880
19925
19934
20055
20080
20095
20213
20233
20258
20321
20490
20911
21031
21111
21137
21306
21350
21468
21468
21535
21563
21706
21719
21800
21965
22183
22186
22204
22292
22301
22335
22446
22454
22455
22513
22553
22626
22783
22822
22883
22884
23070
23110
23120
23135
23187
23191
23194
23313
23332
23522
23530
23618
23666
23734
23746
23783
23896
23899
23936
23967
23987
24027
24028
24088
24124
24152
24171
24193
24260
24395
24461
24517
24528
24585
24734
24919
24950
24981
25019
25091
25133
25195
25250
25268
25317
25351
25420
25424
25464
25479
25573
25578
25626
25672
25679
25852
25968
26036
26056
26070
26099
26158
26220
26223
26259
26343
26395
26400
26440
26502
26534
26560
26613
26639
26680
26710
26755
26813
26841
26845
26865
26907
26995
27005
27144
27151
27155
27185
27212
27297
27338
27563
27577
27697
27726
27756
27779
27896
28031
28088
28090
28093
28126
28251
28297
28326
28341
28378
28461
28507
28509
28546
28660
28671
28708
28746
28749
28846
28911
28988
29005
29009
29018
29034
29071
29318
29405
29494
29556
29607
29924
30050
30082
30140
30326
30381
30449
30513
30656
30888
30910
30923
31011
31026
31101
31173
31225
31242
31308
31458
31548
31550
31642
31687
31740
31850
31941
32090
32210
32213
32310
32388
32507
32550
32884
33193
33288
33373
33410
33417
33498
33502
33568
33630
33641
33713
33824
33872
33993
34068
34128
34162
34211
34381
34425
34493
34655
34754
34779
34803
34937
35037
35060
35107
35175
35283
35580
35671
35907
35921
35954
36032
36033
36044
36130
36151
36182
36251
36255
36264
36299
36425
36554
36644
36666
36675
36686
36728
36775
36807
36849
37325
37389
37471
37517
37552
37620
37676
37767
37808
37963
38023
38027
38036
38092
38137
38145
38192
38199
38228
38258
38331
38434
38483
38510
38521
38544
38583
38650
38739
38740
38880
38904
38923
38926
38952
38960
38965
39305
39331
39404
39436
39449
39498
39566
39583
39616
39617
39639
39654
39793
39864
39872
39883
39924
39951
39996
40000
40134
40265
40306
40378
40421
40561
40749
41062
41253
41343
41356
41437
41439
41449
41457
41568
41576
41614
41614
41805
41809
41835
41867
42013
42036
42054
42113
42125
42132
42199
42223
42332
42337
42408
42484
42614
42647
42707
42722
42797
42843
42871
42904
42936
43021
43036
43065
43095
43240
43322
43366
43459
43507
43509
43575
43863
43920
43939
43950
44167
44236
44312
44335
44347
44349
44413
44417
44531
44693
44735
44746
44761
44802
44819
44827
44975
45151
45193
45254
45284
45330
45332
45392
45496
45602
45621
45629
45741
45793
45805
45836
45857
45897
46149
46229
46277
46302
46448
46464
46562
46641
46710
46778
46897
46957
47175
47181
47248
47356
47424
47495
47667
47760
47846
48132
48138
48192
48212
48315
48385
48405
48492
48559
48649
48686
48695
48705
49042
49085
49168
49661
49760
49815
50043
50133
50184
50307
50391
50471
50573
50692
50699
50865
50986
51070
51072
51091
51112
51208
51268
51303
51383
51468
51556
51654
51714
51732
51782
51824
51840
51947
52125
52259
52341
52394
52435
52435
52596
52600
52637
52697
52739
52788
52798
52848
52872
52890
52998
53013
53065
53080
53217
53250
53306
53313
53342
53376
53394
53406
53439
53682
53725
53727
53753
53856
53884
53933
53956
54096
54279
54353
54369
54373
54375
54397
54456
54586
54611
54625
54705
54792
54871
54878
54937
54949
54996
55057
55077
55087
55228
55348
55357
55397
55478
55566
55780
55840
55875
55939
56108
56115
56130
56163
56244
56269
56307
56316
56394
56460
56683
56739
56755
56790
56811
56876
56920
57090
57133
57148
57241
57273
57631
58014
58067
58133
58161
58181
58203
58224
58277
58299
58337
58399
58447
58459
58500
58544
58577
58606
58616
58687
58754
58853
59157
59266
59463
59695
59724
59793
59908
59991
60033
60116
60146
60369
60379
60597
60689
60787
60855
60916
60945
61003
61057
61090
61151
61226
61317
61352
61372
61393
61467
61556
61597
61694
61724
61781
61825
61878
61899
61921
61945
61976
62118
62123
62243
62249
62264
62344
62374
62380
62433
62435
62478
62543
62640
62642
62734
62845
63056
63063
63072
63121
63171
63186
63369
63434
63593
63601
63621
63650
63722
63728
63739
63747
63800
63838
64025
64049
64219
64457
64532
64733
64738
64829
64854
64911
64997
65009
65010
65025
65061
65103
65120
65130
65292
65306
65313
65488
65535
65551
65570
65609
65622
65662
65798
65825
66082
66107
66113
66120
66234
66304
66314
66364
66413
66460
66533
66553
66564
66718
66858
66876
66883
66967
67007
67021
67121
67360
67404
67540
67651
67773
67983
68000
68003
68005
68091
68154
68164
68219
68229
68280
68360
68485
68489
68665
68801
