10029
10068
10243
10464
10539
10608
10691
10702
10752
10761
11029
11036
11062
11130
11164
11185
11215
11234
11312
11317
11414
11422
11453
11477
11509
11512
11567
11584
11593
11637
11681
11731
11865
11895
11920
11929
12125
12210
12258
12269
12293
12451
12468
12520
12530
12551
12785
12924
13087
13186
13240
13376
13431
13456
13460
13750
13755
13788
13917
13946
13961
14144
14221
14346
14397
14417
14531
14586
14628
14666
14682
14693
14820
14939
14940
14979
14984
15062
15076
15165
15194
15235
15255
15356
15390
15508
15536
15662
15698
15716
15728
15756
15795
15913
15949
15981
15995
16092
16136
16357
16390
16412
16435
16445
16584
16706
16802
16808
16836
16838
16904
16918
17003
17026
17044
17276
17278
17311
17314
17393
17453
17498
17508
17521
17811
17813
17982
18027
18037
18229
18229
18233
18343
18371
18445
18452
18589
18596
18601
18626
18759
18821
18852
18950
18960
18978
19033
19158
19187
19242
19316
19340
19500
19601
19647
19786
19835
19902
19905
19920
20001
20095
20120
20349
20407
20658
20785
20894
20961
21023
21053
21198
21330
21417
21562
21612
21618
21629
21686
21700
21737
21824
21854
21856
21879
21902
21942
22071
22082
22104
22256
22267
22279
22421
22437
22706
22725
22742
22748
22781
22987
23053
23105
23166
23168
23190
23207
23288
23293
23318
23352
23439
23452
23459
23480
23630
23708
23848
23873
24072
24076
